9
true true true true
true true false true
false true true true
true true true false
true false true true
true true false false
false true true false
true false false true
false false true true
17 0
18 0
40 0
41 0
43 1
44 0
45 2
47 0
48 0
49 2
50 0
51 0
55 0
56 0
57 0
58 0
66 0
67 0
73 0
88 0
89 0
90 1
91 0
92 2
93 0
157 1
158 0
159 2
163 3
168 4
172 5
173 6
192 7
193 8
242 0
243 0
244 0
271 0
272 0
277 1
278 2
281 0
282 0
283 0
284 0
288 0
292 0
293 5
294 3
295 0
299 1
304 0
305 0
313 0
315 0
316 0
323 6
330 2
339 7
341 8
403 4
405 0
406 0
423 0
426 0
428 0
429 0
430 0
431 0
432 0
433 0
434 0
435 0
436 0
445 0
446 3
450 6
451 0
452 0
459 2
461 4
464 8
472 0
491 0
494 0
495 1
496 0
497 2
498 0
499 5
500 1
501 7
502 0
503 0
529 0
544 0
551 0
567 0
569 0
570 0
571 0
572 0
573 0
574 0
576 0
637 0
638 0
643 1
644 0
645 2
708 0
709 0
710 0
711 0
717 0
718 0
741 0
742 0
748 0
781 0
784 0
785 2
787 0
788 0
815 0
816 0
817 0
818 0
819 0
820 0
826 0
827 0
828 0
829 0
830 0
831 0
832 0
833 0
876 0
878 0
879 0
880 0
881 0
882 0
883 1
884 0
885 2
886 0
887 0
888 0
895 0
907 0
908 0
909 0
910 0
911 0
912 0
914 4
915 2
916 1
917 3
918 0
919 0
920 0
922 0
923 0
967 0
968 0
973 0
974 0
989 0
991 0
992 0
993 1
994 0
995 2
1023 0
1034 0